rulle rundt:
4c 53 41 74 4c 53 34 67 4c 69 34 74 4c 53 30 67 4c 53 30 74 4c 53 30 67 65 79 34 74 4c 53 41 75 49 43 38 67
 c4 35 43 76 c4 96 14 57 94 34 03 57 c4 96 14 57 94 34 03 57 c4 96 14 67 94 34 43 57 c4 96 14 47 c4 35 03 76 c4 35 03 76 c4 96 14
 76 49 43 34 67 4c 69 34 75 49 43 30 74 4c 53 41 76 49 43 34 75 49 43 30 75 49 43 38 67 4c 53 30 74 49 43 34 75 4c 53 41 75 4c 53 
 43 76 c4 97 14 57 c4 35 43 57 94 34 43 57 94 34 43 57 c4 35 43 76 c4 96 24 93 94 14 d3 d3

speile 2 og 4
4c 53 41 74 4c 53 34 67 4c 69 34 74 4c 53 30 67 4c 53 30 74 4c 53 30 67 65 79 34 74 4c 53 41 75 49 43 38 67
 4c 53 34 67 4c 69 41 75 49 43 30 75 4c 69 41 75 49 43 30 75 4c 69 41 76 49 43 34 75 4c 69 41 74 4c 53 30 67 4c 53 30 67 4c 69 41
 76 49 43 34 67 4c 69 34 75 49 43 30 74 4c 53 41 76 49 43 34 75 49 43 30 75 49 43 38 67 4c 53 30 74 49 43 34 75 4c 53 41 75 4c 53 
  34 67 4c 79 41 75 4c 53 34 75 49 43 34 75 49 43 34 75 4c 53 34 67 4c 69 42 39 49 41 3d 3d

from hex
from base64
from morse

gives

TG20{WE NEEDED SOME ESO IN OUR LIFE}
